2 20
2 20
4 5 16 19 36 45
3 5 8 10 24
15 22 45
5 13 32 37 45 49
16 28 29
3 29
4 19 36
24 25 41 42 44
21 44 49
2 20 27
6 23 40
17 33 46
5 7 10 11 17 23
2 20 24
8 12 38 46
4 19 33 36
2 9 20 48
35 40 45
14 20
5 10 39
8 23 49
8 12 15
24 25 41 42 44
10 15
1 3 43
14 36
9 22 26 39
5 47
24 25 41 42 44
5 18 30 48
13 32 37
15 23 27 38 45
1 17 31 33 46 48
2 12 20 26 28 30 47
16 17 19 22 27
5 11 15
4 37
24 28 29
16 22 41
11 20 26 33
12 23 45
1 3 47
34 43
29 40
8 18 29
2 20
33 35
1 3 47
16 31 46
40 50
5 10 20
1 3 17 20 47
18 22 41
3 5 7 10 40
24 25 41 42 44
14 28 29
13 15 45
28 29
2 37
13 32 37 49
4 19 36
6 13 17
31 50
8 30 31
18 20 31
2 14 37
20 34 50
2 6 15 39
2 6 9 15 23 27
8 28 31 37 38 44
14 36 43
6 23 33
8 12 21 29 38 46
24 25 41 42
4 6 15 23 37
13 32 37 49
13 32 37 49
15 45
6 20 23 35 44
1 3 46 47
17 33 46 48 49
2 49
2 4 19 36
8 12 38 46
17 27 33 42 46
2 30 31
2 20
15 23 38
23 35 41
17 18 44
9 20 21 49
2 13 16 28 32 35 37 49
4 41 46
14 19 22 42 48 49
4 19 23 28
7 17 18 32 34 43
6 23 28 36
8 16 50
7 13 27 30 32 33 37 49
12 14 15 45
24 34 36
6 9 19 30 47
2 4 9 28 29
2 12 20 34
24 25 41 42
17 19 24 28 30 31 41 50
15 19 45
1 3 47
4 19 36
13 32 37 49
8 12 21 30 38 46
3 25 28
6 14 23
23 43 47 48
40 42
14 24
2 25 41 43
15 21 27 45
13 32 37 49
8 22 28 29 34 37 48
18 30 48
13 32 37
5 10 12
4 12 15 19 30 36
21 34 43
23 45 47
6 7 17 23 34 39 50
1 3 13 25 27 32 47
1 7 26
6 20 23
12 14 15 36 49
18 30 36 45 48
8 16
6 23
1 2 3 47
5 10 19 42
2 13 19 20 40
1 3 20 23 47
34 38 43
1 3 38 47
12 19 36 46
5 10 16
20 25 29 36 50
6 23 38
1 3 6 20 34 36 40 47
4 5 6 49
5 7 19 29 36
4 19 32 36
7 18 26 50
4 9 10 21 23 24 43
5 16 18 22 27 37 49
15 42 45
20 29 43
5 10
14 32 34 42 43
6 23 29
1 17 33
6 29 44
25 37 38 43
41 43
12 35 49
15 29 41 44
1 14 27
17 33 46
11 15 45 47
5 8 10 20 37
24 25 41 42 44
5 10 38
6 23 32
22 25 30
1 7 23 47
4 19 22 36 40 47
13 32 37 39 49
24 25 41 42 44
13 25
7 28 29
24 25 41 42 44
28 29
6 15 17 23
6 23
28 29 45 48
6 23
1 3 47
1 11 31
16 34 43
5 10 41
2 37
24 25 41 42
26 28 29 33
8 12 38 46
21 49
8 12 38 46
10 28 29
8 12 38
2 3 10 23 49
8 28 40 46
2 7 9 16 19 20 22 43
24 25 41 42
5 15 21 33 37 45
17 33 46
19 27 43 46
3 12 24
12 16 36
32 40 44 46 47
1 3 29 41 47
14 25 27 36 40 48
8 22 24 31 37
24 41 48
6 23
2 6 20 31
8 16 50
8 12 38 46
24 32 35 46
8 30 49
28 29
25 45
5 6 10 40
6 23 26 29 35 47
24 33 49
17 43
6 23
5 10 16 26
2 13 17 18 20 27 49
2 4 17 20 36
12 13
5 10 11 13 46
13 32 37 47 49
18 29 48
4 19 36
5 10
8 12 38 46
6 13 23
7 15 39 49
10 11 35 37 43
4 19 36
15 28
1 2 20
4 19 25 36
13 32 37 49
20 32 42
2 12 15 33 35 36
6 15 29 40 50
10 15 22 47
6 23 32
12 41
1 3 47
24 25 41 42 44
4 15 24 45
19 23 43 50
4 25
13 32 37 49
21 26 28
16 31 40
8 16 50
13 32 37 49
17 19 33 43
28 32 34 43
6 10 23 44
3 5 37 41 42 49
20 29 31 33
3 32 40 45
2 3 20 22 24 29 46
8 11 15 17 24 33 46
5 10 15 37 45
22 30
10 14 18 47
39 40
2 9 20
1 34 43
3 34 37 48
13 32 37
17 28 29
8 16 50
9 22 25 34 35 41 43 45
2 15 27 33 42
24 34 43
15 22 24 25
1 3 47
12 30
2 24 34 43 48
17 33 46
4 5 10 34 38 44
20 26 31 44 47
1 3 47
17 18 35
6 22 23 26 28 32 43
6 13 17 32 37
9 23 43
4 28 37
17 33 46
13 32 37 49
6 23
8 12 38 46
10 14 21 22 25 40 42 46
2 10 16 25 38
5 10
19 36 46
1 3 47
6 11 15 48
2 5 11 15 26 37 50
13 35
8 16 50
24 29
2 20
1 3 47
2 3 20
8 12 38 46
30 34 39 46 49
5 10 25
2 20 24 31 45
6 14
13 32 37 49
1 3 47
6 15 21 25 29 32 40 47
5 10 14 34 44 47
6 15 23 30
3 9 11 20 36 46
15 25 35 45
6 23 29 31 48
1 29 48
8 16 50
6 10 29 42
2 8 12 38
1 3 47
6 11 27 31
9 13 15 34 45 48
4 5 28 43
10 12 41 46
4 5 10 12 13 48
6 23 36
27 30 46
5 10 32
1 14 28 29 32 37
18 33 48
2 32 42
15 44 45
19 36
6 11 17
34 38
5 31 32
10 15 26
15 45
24 28 29
10 19 23
6 9 23
11 30
4 16 17 21 34 46
5 9 13 26 35
10 27 29
8 10 16 50
4 49 50
6 22 31 32 44
5 10
2 20 29
5 10 27 34 48
2 14 20 42
16 19 42
15 29 49
6 23 48
8 16 50
9 29 48
9 26 30
1 5 11 22
6 24 27 45
5 10
13 18 27 30 32 48
4 19 36
8 12 35 38 46
10 14 19 24 26 34 41
6 18 23 41 49
24 34 47
8 16 50
17 33 46
8 16 50
2 49
37 40 50
4 5 11
35 37
8 18 35 36 47
6 23
33 35 37 43
15 47
4 19 30 36 38 49
28 34 43
28 29
28 29
5 10 14 22
2 6 8 11 22 23 31 32
8 16 50
5 6 15 24 43
18 30 48
6 34 43
28 29 32
8 16 50
17 33 46
2 3 9 26 33
13 14
17 45
1 18 25
5 11 28 29 44
5 20 48
34 43
9 18 24 30 44 48
1 6 34 47
10 19 36 39 41 48
3 5 12 40
5 6 10 24 25
5 25 33
9 48
3 20
3 5 10 41
1 3 47
12 20 34 43
17 33 46
6 8 23 33 43
5 34 48
20 28 37
2 29 41
5 10 32 34
5 29 48
26 28 35 50
4 19 36
10 28 29
15 16 36 37
15 28 29
13 17 35
1 3 14 19 25 37 47 48
15 33 45
17 33 46
3 9 17
8 16 50
15 27 31 40 45
2 24 33
1 13 21 23 50
17 21 33 50
24 25 41 42
2 4 30 42 43 44 47
6 17 26 49
18 30 48
12 17 33 46
5 10 14
18 48
12 33
13 34 43 47
24 25 41 42
10 14 15 34 39 50
15 16 27 48
4 19 36
4 22 45
4 47
17 25 31 32 49
34 43
5 35
24 25 41 42 44
6 23
11 32
5 18 41 48
40 48
15 16 32
6 27 34 43 45
14 31 39
3 4 19 36 48
13 32 37 49
18 28 29
18 30 48
15 45
1 3 47
1 22 34 40
15 28 45
13 32 37
6 19
8 12 38 46
1 21
24 31
1 15 17 33
14 27 28 29 47
5 10 13 18 38
11 21 38
4 8 12 22 24
22 32 33
1 2 6 24 33 43 45
1 3 47
35 38 48
17 29 33 46
4 19 36
1 6 24 34 36 47 49
15 29 30 45
14 16 25
9 23 24
12 15 27 29 42 44 46
23 40
8 12 38 46
1 3 16 17 23 36 47
42 43
7 10 31
5 14 38 46 50
1 17
15 28 29 38 49
14 29
14 19
15 30 32 36 42 50
16 35 47 49
16 29
4 19 36
13 32 37 49
34 36 43
17 33 46
8 10 16 44
8 12 38 46
13 32 37 49
6 9 15 22 34 39
1 4 11 39 41
11 15 19 48
12 38 39
2 4 19 20 36
4 6 23
10 25 28 35
5 8 10
1 13 36
29 30 38
10 12 29 34 42
15 45
5 12 42 44
18 48
17 21 28 33 46
3 15 43
5 10 22 44
18 30 48
24 29 34 43
7 47
4 19 36
6 10 15 19 41
5 10 35
14 15 44 45
28 29
17 33
7 15 23
1 11 42
1 19 28 32 35 38 40 48
6 8 23
5 8
8 16 50
5 16
2 17 19 21 26 30 37 47
14 31 43
25 26 32
5 8 16 19
6 23
24 34 43
16 20 28 29
1 12 19 24 48
6 23
8 12 38
8 12 38 46
7 17 34 40 43
24 25 41 42
1 10 31 32
2 33 49
3 28 29 44
2 20
4 11 19 36
5 10 13 49
2 7 20
8 16 50
21 23 28
16 17 27
4 19 36
6 23
2 20
13 37 38 40
3 4 11 35
31 45
14 21 23 48
5 13 27 46
14 28 36 37
1 3 47
8 11
2 3 35 40
8 12 38 46
40 44 45
4 15 31
3 13 31 33 50
2 20 33
11 22 29 32
10 18 28 29 46
11 12 17 33
13 32 37 49
4 19 30 36 41
24 25 41 42 44
15 18 30 45 48
1 3 47
4 19 21 36
18 30 44 48
1 7 20 27 44
4 19 36
6 22 27 28 29 40 43 50
13 32 37 49
1 3 31 47 48
6 23 34
15 34 43
1 31 44 47
12 18 36 48
1 3 47
17 33 46
21 38 40 43
15 31 45
37 40
2 18 26 38 42 50
31 37 45
13 32 37 49
25 28 29 35 40 46 49
1 38 47
19 26 45
5 10
6 23
34 43
1 27 28 29
3 23 34 43
8 16 50
5 10 14 18 38
6 23 36 39 48
1 3 47
28 29 40 43
13 32 37 49
28 29
17 33 46 50
22 41
6 23 49
24 34 40 43 46
2 8 26
34 43
17 20 33 39 46
8 24 31 47
3 11 24 43
27 31 49
8 16 50
13 26 40 49
17 18 34 48 50
28 46
2 12 22 43 44
9 10 23
28 29
1 3 27 44 47
17 33 46
11 23 40
8 12 15 19 24
6 23 44
18 24 30 48
2 3 16 20
8 12 38 46
6 13 23 45
9 12 23 38
21 30
8 10 12 14 38 40 46
8 12 38 46
4 37 43 50
17 33 46
22 36
1 3 47
11 19 45
7 16 22 28 29 35 42 47
8 12 38 46
17 41
38 44
8 16 30 50
13 32 37 49
6 23 25
13 14 15 33
5 6 10 33
11 41 45
4 19 36
2 14 21 32 46
38 48 49
5 10
2 20
5 13 32
11 34
15 45
6 16 35
24 37
6 30 33 36 43
4 12 30
5 7 9 11 19 23 36 38
22 25 28
34 40
28 29
7 11 45
1 47
17 33 46
4 10 38 43 45
20 22 24 28 31
6 20 31
6 16 20 23 24
6 23
4 19 36
18 30 48
13 27 32 37 42 49
4 19 36
8 16
29 44 50
13 28 29
2 20
18 22
1 19 25 44 49
17 33 46
1 12 34
10 16 41
13 31 50
24 25 41 42 44
15 41 45
16 42 48
28 29 30
1 3 24 47
8 9 12 21
7 16 23 33
6 14 27
3 21
2 8 16 49
35 46
13 25 32 47
27 28 29
24 25 41 42
21 28 30
28 29
2 14 30
12 24 26 37 39 46
18 30 48
23 31 40
34 43 46 48
1 3 13 40 42 47 50
13 32 37 49
13 18 28 44 46
18 48
13 32 37 49
9 21 30 33 47
11 23 24 27 37
8 21 27 45 48
3 19 28 29 34
15 22 24 25 31 43 47
19 36
1 15 21 45 47
6 8 12 25 28
1 19 26 40
2 20 28
24 25 41 42 44
1 7 29 34 36 47 49
2 20 45
18 30 48
7 32
24 25 41 42 44
34 43
2 4 20 30 32 45
18 30 48
28 32 33 37 47
17 33 46
2 20 35 45
1 3 8 19 49
15 20
8 16 50
6 14 23 31
18 30 48
14 28 29 43 49
2 6 23
5 10
8 12 38 46
1 4 8 23 38 40 41
2 20
23 27
34 38 43
5 9 14 28 29 47
28 29 41
28 29
34 43
6 23
15 23 45
17 33 46
4 17 29 49
23 24 25 40
16 27 29 34 37
8 16 50
16 23 28 32 34 41
19 36 42 44 50
5 10
13 32 37
2 20 29 32 39 45 49
5 10 19
7 33 35
16 43
14 28 29 37
8 16 23 38 44 50
8 31 44
16 26 50
23 34 42
5 15 22 26 42
21 24 34 43
10 14 23 43 46
1 15 23 30 47
2 20
4 17 33 46
5 10
5 10 22 40
4 19 40
5 14 33
18 30 48
13 32 37 49
15 16
24 47
6 23
4 19 36
13 23 48 49
4 6 19 36
24 25 41 42
9 13 17 19 30 35 50
34 35 43 45
14 24 25 42
24 25 41 42 44
14 26
6 37 42 43
6 23 32 38 48
6 8 21
5 15 17 38 45
4 19 36
9 22 30 34 43
6 15 19
15 21 23 25
2 4 15 32 45 46 48
30 37 42 47
17 33 46
24 25 41 42 44
8 12 20 39 43 44 48
1 28 29 33
1 3 29 42 47
24 25 41 42 44
4 19 36
15 32
9 15 45
4 15 19 23 36
2 4 31
7 13 42 45
12 31 44
8 16 50
1 3 47
2 18 39 44
26 37
8 10 28
6 14 23
13 32 37 49
27 40 44
13 27 39
2 17 21 41
24 25 41 42 44
7 29 38 39 50
15 17 18 19 27 32
38 45
12 31
23 29 42 49
13 32 37 49
5 6 8 22
4 10 19 36 42
6 28 29 43
6 23 32
34 43
5 10 16
8 12 38 46
24 25 41 42 44
2 9 15 20
15 32 45
7 29 34 40
1 7 17 31 40 48
13 32 37
2 37 47
28 43 45
5 10
6 23
11 17 27
14 37 43
13 34 43 48
5 28 29
2 20 40
2 17 33
13 32 37
17 33 42 46
17 34 43
13 14 32 36 37 42 45
7 10 20 25 45
24 25 41 42 44
6 13 32 37 49
1 3 21 45 47
4 19 36
5 13 15 20 33 49
1 15 45
2 11 14 20 26 27 34 40
8 16 17
5 30 47
15 21 41 44
8 39
4 19 46 48
20 30 44
10 17
1 21 43
6 11 33 34 40 45
28 29
6 23 26 30 38 44
5 17 35
10 18 45 46
8 16 30
8 12 28 38 40 46 50
13 32 37 49
35 50
26 34 43 46
17 28 33 46
26 42
7 10 16 25 26 41 46
8 9 10 12 30 38 46
22 37
6 8 15 18 23
39 41
3 8 16 23 26 34 42
28 29
17 33 46
9 19 29
28 29 39 49
4 19 36
17 21 33 37
17 33 46
5 10
23 32 40
1 3 47
1 3 47
4 7 14
4 30 45
10 28 29 46
3 11 23 32 34 47
3 7 23 33
1 5 10 31 34
4 19 36
16 35 48