area room dining
482 4 2 7000
482 4 2 7000
482 4 2 7000
482 4 2 7000
482 4 2 7000
750 8 2 9900
482 4 2 7000
482 7 2 7000
577 4 2 7500
578 4 2 8000
482 4 2 7000
482 4 2 7000
487 5 2 6500
482 4 2 7000
482 4 2 7000
578 4 2 8000
578 4 2 8000
600 4 2 8000
578 4 2 8000
321 4 2 3500
578 4 2 8000
482 4 2 7000
482 4 2 7000
482 4 2 7000
600 4 2 8000
482 5 2 7000
482 4 2 7000
482 5 2 7000
482 4 2 7000
578 4 2 8000
482 4 2 7000
482 4 2 7000
578 4 2 8000
482 4 2 7000
320 4 2 3300
482 4 2 7000
578 4 2 8000
482 4 2 7000
482 4 2 7000
507 4 2 7500
578 4 2 8000
323 5 3 3500
482 5 2 7000
482 5 2 7000
482 4 2 7000
482 4 2 7000
482 5 2 7000
482 6 2 7000
578 4 2 8000
482 4 2 7000
482 5 2 7000
578 4 2 8000
482 4 2 7000
578 4 2 8000
507 5 3 7500
578 4 2 8000
481 5 2 7000
482 4 2 7000
482 4 2 7000
482 4 2 7000
577 4 2 8000
578 4 3 8000
482 4 2 7000
578 4 2 8000
578 4 2 8000
321 4 2 3500
482 4 2 7000
482 5 2 7000
482 4 2 7000
577 4 2 8000
482 4 2 7000
482 4 2 7000
577 4 2 8000
578 4 2 8000
482 4 2 7000
578 4 2 8000
482 4 2 7000
578 4 2 8000
578 4 2 8000
577 4 2 8000
321 4 2 3500
482 4 2 7000
578 4 2 8000
578 4 2 8000
578 4 2 8000
482 4 2 7000
482 4 2 7000
578 4 2 8000
578 4 2 8000
482 4 2 7000
578 4 2 8000
482 4 2 7000
578 4 3 8000
482 4 2 7000
482 4 2 7000
482 7 3 7000
578 4 2 8000
482 7 3 7000
482 4 2 7000
578 4 2 8000
482 4 2 7000
482 4 2 7000
578 4 2 8000
578 4 2 8000
482 4 2 7000
578 4 2 8000
482 4 2 7000
482 4 2 7000
577 4 2 8000
482 4 2 7000
482 4 2 7000
482 4 2 7000
577 4 2 8000
577 4 2 8000
482 5 2 7000
482 4 2 7000
577 4 2 8000
578 4 2 8000
578 4 2 8000
482 4 2 7000
482 4 2 7000
1018 1 1 9900
482 4 2 7000
578 4 2 8000
487 5 2 6500
578 4 2 8000
482 7 3 7000
577 4 2 8000
578 4 2 8000
578 4 2 8000
578 4 2 8000
577 4 2 8000
578 4 2 8000
578 4 2 8000
578 4 2 8000
578 4 2 8000
577 4 2 8000
482 7 3 7000
578 4 2 8000
578 4 2 8000
578 4 2 8000
482 4 2 7000
482 5 2 7000
482 4 3 7000
321 4 2 3500
578 4 2 8000
507 4 2 7500
482 4 2 7000
482 4 2 7000
578 4 3 8000
482 4 2 7000
482 4 2 7000
577 4 2 8000
482 4 2 7000
578 4 2 8000
482 4 2 7000
482 4 2 7000
578 4 3 8000
578 4 2 8000
482 5 2 7000
482 4 2 7000
482 4 2 7000
482 5 2 7000
482 6 2 7000
578 4 2 8000
578 4 2 8000
578 4 2 8000
577 4 2 8000
482 7 3 7000
577 4 2 8000
482 4 2 7000
577 4 2 8000
482 4 2 7000
578 4 2 8000
482 4 2 7000
482 4 2 7000
578 4 2 8000
482 4 2 7000
578 4 2 8000
482 4 2 7000
579 4 2 8000
578 4 2 8000
482 4 2 7000
482 4 2 7000
578 4 2 8000
482 4 2 7000
482 7 3 7000
578 4 3 8000
616 5 3 7200
577 4 2 8000
577 4 2 8000
578 4 2 8000
735 5 4 9988
740 5 4 9966
482 4 2 7000
482 4 2 7000
578 4 2 8000
577 4 2 8000
578 4 2 8000
482 4 2 7000
482 5 2 7000
482 5 2 7000
482 4 2 7000
482 4 2 7000
578 4 2 8000
482 4 2 7000
578 4 2 8000
577 4 2 8000
482 4 2 7000
482 4 2 7000
482 4 2 7000
735 7 4 9999
578 4 2 8000
482 4 2 7000
482 5 2 7000
577 4 2 8000
321 4 2 3500
578 4 2 8000
577 4 2 8000
577 4 2 8000
482 4 2 7000
482 4 2 7000
578 4 2 8000
482 4 2 7000
578 4 2 8000
482 4 2 7000
482 7 3 7000
482 4 2 7000
482 4 2 7000
482 4 2 7000
482 4 2 7000
577 4 2 8000
482 4 2 7000
482 5 2 7000
577 7 3 8000
482 7 3 7000
577 4 2 8000
507 4 2 7500
487 5 2 6500
577 4 2 8000
482 5 2 7000
482 4 2 7000
482 4 2 7000
578 5 2 8000
482 7 3 7000
485 4 2 7000
578 4 2 8000
578 4 2 8000
735 5 2 9998
740 5 3 9997
482 4 2 7000
736 5 2 9995
482 4 2 7000
578 4 3 8000
577 5 2 8000
578 4 2 8000
482 4 2 7000
578 4 2 8000
482 4 2 7000
482 4 2 7000
577 4 2 8000
482 4 2 7000
578 4 2 8000
577 4 2 8000
578 4 2 8000
577 7 3 8000
482 4 2 7000
578 4 2 8000
482 4 2 7000
482 4 2 7000
578 4 2 8000
482 4 2 7000
578 4 2 8000
578 4 2 8000
578 4 2 8000
577 4 2 8000
482 4 2 7000
482 4 2 7000
577 4 2 8000
578 4 2 8000
482 4 2 7000
482 4 2 7000
578 4 2 8000
482 4 2 7000
578 4 2 8000
482 4 2 7000
578 4 2 8000
490 7 3 7000
482 4 2 7000
578 4 2 8000
482 4 2 7000
578 4 2 8000
578 5 2 8000
482 4 2 7000
482 4 2 7000
482 7 2 7000
578 4 2 8000
578 4 2 8000
482 4 2 7000
482 5 2 7000
482 4 2 7000
482 4 2 7000
482 4 2 7000
578 4 2 8000
578 5 2 8000
578 5 2 8000
482 4 2 7000
578 4 2 8000
578 4 2 8000
577 4 2 8000
482 4 2 7000
578 4 2 8000
578 4 2 8000
578 4 2 8000
482 4 2 7000
482 4 2 7000
577 4 2 8000
578 4 2 8000
578 4 2 8000
624 5 3 7700
482 4 2 7000
482 4 2 7000
482 4 2 7000
578 4 2 8000
482 4 2 7000
482 4 2 7000
482 4 2 7000
578 4 2 8000
578 4 2 8000
578 4 2 8000
578 4 2 8000
578 4 2 8000
578 4 2 8000
578 4 2 8000
577 5 2 8000
578 4 2 8000
578 4 2 8000
482 4 2 7000
482 4 2 7000
482 4 2 7000
578 4 2 8000
482 4 2 7000
578 4 2 8000
578 4 2 8000
578 4 2 8000
578 4 2 8000
578 4 2 8000
578 4 3 8000
482 7 3 7000
482 4 2 7000
578 4 2 8000
578 4 2 8000
482 4 2 7000
487 5 2 6500
578 4 2 8000
482 4 2 7000
482 4 2 7000
578 4 2 8000
578 4 2 8000
482 4 2 7000
578 4 2 8000
482 4 2 7000
482 4 2 7000
482 4 2 7000
577 4 2 8000
482 7 3 6999
487 6 2 6800
578 4 2 8000
578 4 2 8000
482 4 2 7000
624 8 3 8000
578 4 2 8000
482 4 2 7000
482 5 2 7000
577 4 2 8000
482 4 2 7000
482 4 2 7000
482 4 2 7000
577 4 2 8000
577 4 2 8000
482 4 2 7000
578 4 2 8000
578 4 2 8000
577 4 2 8000
578 4 2 8000
577 4 2 8000
577 4 2 8000
578 4 2 8000
578 4 2 8000
578 4 2 8000
578 4 2 8000
578 4 2 8000
482 4 2 7000
482 4 2 7000
482 4 2 7000
482 4 2 7000
482 4 2 7000